883.031 89.430
908.632 89.510
934.243 89.523
959.782 89.510
985.469 89.553
1011.055 89.574
1036.590 89.630
1062.257 89.665
1087.834 89.722
1113.465 64.202
806.208 114.991
831.808 115.001
857.377 115.013
883.068 115.012
908.685 115.103
934.202 115.122
959.903 115.146
985.418 115.220
1011.045 115.211
1036.595 115.245
1062.232 115.292
1087.808 115.279
1113.438 115.396
1139.071 115.425
1164.643 115.504
1190.260 115.570
755.041 140.520
780.627 140.557
806.204 140.563
831.752 140.577
857.374 140.595
882.999 140.608
908.614 140.690
934.221 140.691
959.781 140.744
985.377 140.768
1010.980 140.816
1036.594 140.861
1062.243 140.844
1087.804 140.876
1113.398 140.905
1139.022 140.937
1164.671 140.974
1190.212 141.113
1215.899 141.160
1241.491 141.165
703.780 166.064
729.397 166.050
754.999 166.104
780.638 166.100
806.202 166.163
831.764 166.181
857.344 166.209
883.002 166.238
908.557 166.240
934.142 166.279
959.786 166.323
985.396 166.367
1010.966 166.432
1036.671 166.497
1062.178 166.466
1087.799 166.530
1113.338 166.551
1138.937 166.596
1164.652 166.582
1190.176 166.651
1215.839 166.654
1241.421 166.681
1266.999 166.635
1292.591 166.634
678.110 191.631
703.702 191.618
729.345 191.679
754.942 191.696
780.550 191.734
806.145 191.734
831.708 191.768
857.381 191.809
882.962 191.840
908.565 191.847
934.168 191.896
959.755 191.934
985.304 191.824
1011.028 191.967
1036.528 192.015
1062.207 192.053
1087.747 192.104
1113.393 192.133
1138.918 192.116
1164.524 192.150
1190.137 192.138
1215.669 192.131
1241.397 192.104
1266.966 192.200
1292.520 192.246
1318.173 192.227
652.547 217.211
678.150 217.212
703.712 217.234
729.314 217.270
754.971 217.280
780.551 217.281
806.131 217.324
831.752 217.360
857.322 217.397
882.910 217.437
908.589 217.431
934.132 217.460
959.698 217.507
985.336 217.522
1010.951 217.565
1036.543 217.585
1062.141 217.655
1087.762 217.697
1113.303 217.726
1138.907 217.753
1164.549 217.669
1190.204 217.595
1215.730 217.648
1241.286 217.703
1266.910 217.717
1292.519 217.782
1318.173 192.227
1343.748 192.217
626.891 242.798
652.510 242.813
678.127 242.783
703.827 242.749
729.350 242.865
754.945 242.882
780.497 242.902
806.109 242.899
831.713 242.959
857.327 242.993
882.948 243.036
908.513 243.033
934.090 243.126
959.740 243.125
985.305 243.116
1010.930 243.156
1036.567 243.151
1062.143 243.187
1087.754 243.194
1113.358 243.243
1138.944 243.253
1164.545 243.250
1190.155 243.308
1215.747 243.267
1241.317 243.334
1266.975 243.308
1292.383 243.387
1318.059 243.346
1343.710 243.343
1369.290 243.325
601.336 268.386
626.932 268.356
652.507 268.398
678.110 268.406
703.676 268.486
729.293 268.467
754.893 268.490
780.473 268.521
806.099 268.514
831.664 268.590
857.251 268.600
882.874 268.577
908.512 268.614
934.113 268.675
959.667 268.645
985.335 268.718
1010.859 268.739
1036.465 268.725
1062.129 268.765
1087.714 268.733
1113.263 268.737
1138.903 268.789
1164.525 268.806
1190.092 268.849
1215.703 268.873
1241.216 268.875
1266.882 268.893
1292.484 268.887
1318.046 268.892
1343.663 268.858
1369.232 268.883
1394.915 268.846
575.727 293.957
601.303 293.983
626.863 293.966
652.482 293.967
678.085 294.002
703.703 294.041
729.316 294.058
754.920 294.077
780.502 294.107
806.131 294.146
831.721 294.148
857.289 294.136
882.868 294.168
908.471 294.206
934.073 294.218
959.680 294.222
985.274 294.292
1010.897 294.306
1036.474 294.301
1062.126 294.303
1087.683 294.312
1113.209 294.327
1138.887 294.341
1164.479 294.404
1190.056 294.423
1215.723 294.443
1241.292 294.465
1266.860 294.448
1292.476 294.451
1318.056 294.431
1343.641 294.436
1369.242 294.471
1394.856 294.454
1420.456 294.518
550.084 319.525
575.708 319.573
601.285 319.578
626.858 319.584
652.483 319.609
678.042 319.601
703.633 319.645
729.216 319.648
754.841 319.683
780.419 319.717
806.051 319.728
831.656 319.751
857.195 319.759
882.846 319.806
908.473 319.842
934.024 319.817
959.667 319.863
985.266 319.851
1010.877 319.852
1036.446 319.897
1062.065 319.897
1087.637 319.912
1113.279 319.939
1138.885 319.963
1164.432 319.994
1190.091 319.976
1215.633 319.995
1241.234 319.990
1266.885 320.000
1292.421 320.047
1318.067 320.037
1343.643 320.049
1369.237 320.063
1394.863 320.084
1420.433 320.089
1445.947 320.119
550.045 345.165
575.617 345.169
601.205 345.216
626.820 345.184
652.469 345.195
678.046 345.234
703.690 345.243
729.255 345.253
754.823 345.282
780.448 345.300
806.033 345.332
831.669 345.350
857.231 345.340
882.835 345.370
908.432 345.386
934.041 345.390
959.652 345.402
985.212 345.409
1010.875 345.454
1036.417 345.471
1062.024 345.481
1087.654 345.539
1113.201 345.509
1138.800 345.516
1164.420 345.563
1190.055 345.556
1215.581 345.562
1241.236 345.586
1266.824 345.583
1292.426 345.612
1318.016 345.622
1343.618 345.651
1369.209 345.667
1394.846 345.624
1420.409 345.653
1445.971 345.681
524.447 370.732
550.009 370.759
575.633 370.758
601.238 370.779
626.833 370.776
652.441 370.799
678.044 370.843
703.628 370.853
729.247 370.907
754.827 370.870
780.435 370.894
806.052 370.926
831.629 370.914
857.250 370.920
882.815 370.952
908.458 370.974
933.958 371.000
959.650 370.990
985.232 371.021
1010.815 371.023
1036.389 371.078
1062.014 371.079
1087.636 371.125
1113.195 371.099
1138.808 371.151
1164.410 371.161
1190.018 371.185
1215.615 371.173
1241.198 371.169
1266.767 371.168
1292.449 371.261
1317.984 371.239
1343.623 371.247
1369.166 371.252
1394.813 371.243
1420.389 371.242
1446.021 371.321
1471.549 371.306
524.384 396.341
550.032 396.342
575.643 396.358
601.231 396.371
626.797 396.413
652.395 396.434
678.002 396.424
703.573 396.476
729.190 396.460
754.805 396.462
780.418 396.492
805.980 396.531
831.604 396.543
857.212 396.528
882.709 396.515
908.382 396.571
933.982 396.561
959.608 396.621
985.176 396.614
1010.776 396.603
1036.369 396.651
1062.000 396.652
1087.599 396.642
1113.197 396.703
1138.828 396.697
1164.411 396.732
1189.963 396.752
1215.579 396.781
1241.192 396.764
1266.772 396.816
1292.409 396.807
1318.033 396.853
1343.540 396.832
1369.209 396.830
1394.771 396.843
1420.386 396.883
1445.987 396.886
1471.610 396.902
498.786 421.960
524.383 421.927
549.973 421.969
575.575 421.981
601.159 421.988
626.789 421.950
652.368 422.003
677.984 422.039
703.598 422.059
729.207 422.085
754.743 422.060
780.375 422.101
806.009 422.103
831.584 422.078
857.154 422.142
882.771 422.145
908.385 422.174
933.965 422.198
959.578 422.190
985.148 422.205
1010.831 422.184
1036.418 422.243
1062.010 422.225
1087.582 422.303
1113.156 422.298
1138.779 422.321
1164.390 422.321
1189.952 422.346
1215.555 422.371
1241.192 422.373
1266.762 422.382
1292.359 422.409
1317.989 422.423
1343.565 422.404
1369.145 422.483
1394.803 422.469
1420.368 422.466
1445.935 422.505
1471.556 422.488
1497.162 422.540
498.782 447.566
524.378 447.564
549.948 447.600
575.546 447.558
601.150 447.599
626.637 447.802
652.429 447.614
678.000 447.617
703.597 447.660
729.194 447.674
754.776 447.667
780.372 447.714
805.960 447.688
831.552 447.691
857.192 447.727
882.785 447.739
908.367 447.794
933.977 447.797
959.556 447.789
985.132 447.799
1010.770 447.829
1036.345 447.851
1061.911 447.886
1087.558 447.875
1113.162 447.890
1138.731 447.900
1164.333 447.923
1189.953 447.940
1215.567 447.958
1241.165 447.996
1266.751 448.003
1292.355 447.997
1317.951 448.014
1343.519 447.995
1369.175 448.064
1394.759 448.037
1420.349 448.091
1445.916 448.090
1471.567 448.123
1497.119 448.109
498.774 473.164
524.373 473.165
549.917 473.146
575.529 473.175
601.131 473.204
626.737 473.220
652.321 473.205
677.940 473.228
703.542 473.211
729.144 473.252
754.745 473.285
780.305 473.276
805.939 473.322
831.515 473.320
857.138 473.350
882.766 473.359
908.357 473.353
933.958 473.377
959.568 473.435
985.141 473.417
1010.741 473.426
1036.374 473.432
1061.922 473.463
1087.563 473.507
1113.144 473.508
1138.675 473.515
1164.375 473.489
1189.921 473.548
1215.533 473.578
1241.135 473.579
1266.711 473.588
1292.355 473.620
1317.940 473.630
1343.534 473.641
1369.157 473.633
1394.729 473.636
1420.294 473.645
1445.909 473.655
1471.505 473.679
1497.123 473.744
473.116 498.681
498.792 498.760
524.326 498.761
549.919 498.764
575.512 498.749
601.140 498.781
626.741 498.827
652.350 498.758
677.935 498.799
703.513 498.850
729.113 498.885
754.735 498.860
780.286 498.843
805.920 498.885
831.490 498.920
857.080 498.920
882.721 498.925
908.329 498.962
933.913 498.962
959.508 499.041
985.127 498.997
1010.710 499.020
1036.321 499.033
1061.894 499.027
1087.498 499.075
1113.118 499.090
1138.711 499.097
1164.283 499.109
1189.916 499.107
1215.511 499.148
1241.114 499.166
1266.713 499.172
1292.302 499.188
1317.912 499.194
1343.537 499.241
1369.083 499.250
1394.737 499.262
1420.314 499.289
1445.893 499.288
1471.477 499.297
1497.080 499.329
1522.674 499.360
473.130 524.385
498.695 524.363
524.302 524.364
549.887 524.371
575.498 524.399
601.103 524.402
626.723 524.387
652.331 524.434
677.898 524.473
703.521 524.441
729.126 524.486
754.713 524.481
780.305 524.504
805.908 524.508
831.492 524.519
857.069 524.558
882.670 524.563
908.309 524.580
933.905 524.587
959.507 524.612
985.129 524.648
1010.714 524.653
1036.312 524.653
1061.915 524.658
1087.505 524.677
1113.128 524.682
1138.702 524.733
1164.290 524.740
1189.887 524.753
1215.507 524.746
1241.112 524.788
1266.704 524.789
1292.289 524.806
1317.899 524.820
1343.471 524.823
1369.054 524.822
1394.696 524.842
1420.273 524.865
1445.928 524.829
1471.446 524.909
1497.010 524.910
1522.678 524.930
473.143 549.989
498.714 549.994
524.391 549.989
549.960 550.025
575.520 550.101
601.109 550.036
626.764 550.051
652.352 550.063
677.930 550.096
703.516 550.102
729.170 550.111
754.741 550.115
780.349 550.122
805.919 550.135
831.514 550.185
857.141 550.171
882.732 550.181
908.325 550.208
933.950 550.203
959.537 550.241
985.152 550.259
1010.719 550.262
1036.349 550.281
1061.921 550.278
1087.530 550.292
1113.111 550.296
1138.754 550.358
1164.311 550.355
1189.922 550.366
1215.508 550.402
1241.139 550.423
1266.700 550.424
1292.266 550.477
1317.938 550.452
1343.555 550.477
1369.163 550.455
1394.771 550.500
1420.329 550.506
1445.926 550.514
1471.507 550.544
1497.099 550.572
1522.715 550.573
473.093 575.586
498.669 575.652
524.331 575.637
549.914 575.608
575.534 575.623
601.125 575.644
626.742 575.693
652.346 575.690
677.921 575.687
703.526 575.693
729.118 575.695
754.729 575.723
780.314 575.733
805.949 575.751
831.508 575.778
857.127 575.799
882.693 575.819
908.325 575.804
933.891 575.825
959.530 575.853
985.119 575.847
1010.744 575.863
1036.331 575.905
1061.927 575.897
1087.507 575.890
1113.118 575.913
1138.730 575.925
1164.378 575.905
1189.880 575.995
1215.492 576.003
1241.079 576.016
1266.707 576.018
1292.306 576.061
1317.912 576.041
1343.511 576.065
1369.106 576.072
1394.719 576.098
1420.293 576.111
1445.883 576.149
1471.477 576.150
1497.071 576.174
1522.700 576.181
473.085 601.232
498.689 601.212
524.285 601.228
549.905 601.201
575.511 601.266
601.122 601.250
626.713 601.276
652.307 601.300
677.882 601.291
703.518 601.320
729.130 601.341
754.720 601.341
780.314 601.356
805.916 601.384
831.510 601.382
857.083 601.395
882.677 601.425
908.308 601.396
933.902 601.426
959.422 601.437
985.256 601.283
1010.689 601.490
1036.297 601.529
1061.871 601.486
1087.468 601.524
1113.096 601.534
1138.710 601.528
1164.265 601.600
1189.874 601.582
1215.464 601.602
1241.052 601.619
1266.684 601.647
1292.271 601.646
1317.911 601.657
1343.510 601.666
1369.113 601.683
1394.708 601.715
1420.279 601.681
1445.886 601.735
1471.492 601.720
1497.054 601.753
1522.682 601.758
473.134 626.814
498.700 626.821
524.292 626.837
549.893 626.847
575.485 626.856
601.075 626.877
626.693 626.869
652.283 626.891
677.889 626.910
703.496 626.913
729.072 626.929
754.684 626.951
780.289 626.986
805.877 626.936
831.487 626.982
857.063 626.979
882.680 626.989
908.302 627.046
933.701 627.042
959.492 627.053
985.045 627.027
1010.669 627.108
1036.277 627.118
1061.883 627.130
1087.450 627.149
1113.060 627.156
1138.644 627.182
1164.258 627.213
1189.872 627.211
1215.452 627.219
1241.043 627.262
1266.673 627.267
1292.265 627.232
1317.880 627.265
1343.477 627.250
1369.074 627.310
1394.666 627.319
1420.259 627.320
1445.851 627.333
1471.446 627.376
1497.047 627.424
1522.659 627.369
473.046 652.436
498.662 652.435
524.286 652.416
549.900 652.457
575.490 652.458
601.045 652.512
626.673 652.518
652.283 652.510
677.870 652.528
703.473 652.532
729.097 652.578
754.655 652.572
780.245 652.581
805.876 652.576
831.480 652.621
857.067 652.617
882.686 652.652
908.265 652.625
933.860 652.651
959.465 652.653
985.042 652.704
1010.638 652.701
1036.232 652.728
1061.859 652.724
1087.429 652.725
1113.054 652.775
1138.595 652.784
1164.286 652.811
1189.836 652.817
1215.444 652.845
1241.042 652.842
1266.652 652.861
1292.226 652.865
1317.848 652.854
1343.489 652.908
1369.055 652.903
1394.659 652.935
1420.258 652.958
1445.821 652.940
1471.462 652.962
1497.029 652.992
1522.672 653.006
472.985 678.004
498.713 678.040
524.261 678.052
549.827 678.072
575.448 678.100
601.043 678.083
626.629 678.121
652.219 678.134
677.820 678.123
703.425 678.140
729.038 678.182
754.635 678.177
780.234 678.188
805.831 678.210
831.422 678.228
857.048 678.214
882.653 678.240
908.248 678.257
933.847 678.235
959.448 678.282
985.031 678.340
1010.637 678.331
1036.240 678.317
1061.833 678.332
1087.421 678.378
1113.024 678.391
1138.623 678.395
1164.207 678.374
1189.816 678.416
1215.416 678.435
1241.010 678.458
1266.621 678.471
1292.185 678.469
1317.828 678.468
1343.434 678.501
1369.052 678.523
1394.636 678.536
1420.225 678.553
1445.814 678.557
1471.434 678.559
1497.010 678.615
1522.587 678.630
473.029 703.670
498.622 703.665
524.227 703.703
549.827 703.684
575.430 703.714
601.038 703.681
626.639 703.732
652.198 703.759
677.840 703.746
703.438 703.760
729.026 703.768
754.605 703.790
780.184 703.787
805.791 703.804
831.376 703.809
857.001 703.855
882.628 703.849
908.209 703.867
933.839 703.874
959.408 703.888
985.050 703.898
1010.620 703.913
1036.209 703.932
1061.816 703.928
1087.415 703.975
1113.006 704.006
1138.610 703.997
1164.206 704.004
1189.801 704.028
1215.401 704.070
1240.991 704.085
1266.577 704.074
1292.220 704.061
1317.811 704.099
1343.419 704.104
1369.020 704.116
1394.597 704.114
1420.225 704.152
1445.792 704.172
1471.376 704.215
1497.018 704.189
1522.606 704.216
473.000 729.289
498.572 729.291
524.233 729.252
549.834 729.282
575.403 729.308
601.002 729.322
626.601 729.335
652.230 729.334
677.809 729.363
703.423 729.407
729.006 729.382
754.599 729.389
780.204 729.408
805.792 729.434
831.406 729.458
856.997 729.453
882.609 729.465
908.208 729.459
933.841 729.430
959.401 729.517
985.012 729.514
1010.602 729.553
1036.146 729.619
1061.779 729.558
1087.406 729.570
1112.972 729.586
1138.580 729.617
1164.208 729.620
1189.782 729.623
1215.399 729.628
1240.982 729.702
1266.554 729.683
1292.175 729.714
1317.807 729.739
1343.420 729.662
1368.991 729.737
1394.595 729.722
1420.190 729.749
1445.805 729.769
1471.359 729.793
1496.990 729.794
1522.642 717.000
498.567 754.880
524.170 754.887
549.762 754.888
575.390 754.923
600.986 754.917
626.628 754.944
652.192 754.936
677.746 754.947
703.379 754.975
728.972 755.003
754.572 755.027
780.196 755.012
805.802 755.029
831.395 755.028
856.963 755.071
882.591 755.045
908.176 755.100
933.904 755.189
959.369 755.122
984.990 755.112
1010.572 755.133
1036.186 755.143
1061.770 755.145
1087.365 755.184
1112.971 755.204
1138.563 755.218
1164.151 755.260
1189.750 755.248
1215.357 755.276
1240.940 755.258
1266.581 755.289
1292.199 755.331
1317.769 755.327
1343.383 755.354
1368.946 755.379
1394.537 755.343
1420.172 755.384
1445.729 755.390
1471.346 755.385
1496.959 755.399
498.542 780.510
524.178 780.485
549.785 780.513
575.345 780.539
600.972 780.522
626.550 780.546
652.160 780.577
677.755 780.559
703.352 780.592
728.960 780.603
754.563 780.639
780.157 780.622
805.728 780.670
831.346 780.659
856.965 780.666
882.557 780.710
908.160 780.717
933.761 780.722
959.325 780.763
985.007 780.717
1010.563 780.756
1036.145 780.770
1061.776 780.763
1087.352 780.794
1112.955 780.804
1138.552 780.836
1164.152 780.838
1189.739 780.841
1215.359 780.876
1240.938 780.876
1266.556 780.900
1292.161 780.942
1317.770 780.928
1343.332 780.922
1368.907 780.963
1394.536 780.961
1420.143 780.968
1445.716 781.024
1471.370 780.975
1496.934 780.998
498.519 806.111
524.153 806.117
549.737 806.127
575.302 806.117
600.970 806.146
626.537 806.163
652.120 806.177
677.720 806.203
703.308 806.194
728.932 806.209
754.531 806.233
780.144 806.237
805.744 806.277
831.315 806.271
856.942 806.277
882.539 806.318
908.145 806.294
933.747 806.317
959.344 806.356
984.946 806.363
1010.537 806.376
1036.124 806.371
1061.754 806.396
1087.343 806.415
1112.909 806.438
1138.554 806.447
1164.135 806.458
1189.766 806.479
1215.322 806.519
1240.939 806.484
1266.514 806.514
1292.107 806.516
1317.759 806.499
1343.281 806.525
1368.915 806.561
1394.519 806.562
1420.099 806.575
1445.753 806.606
1471.307 806.657
1496.909 806.642
524.119 831.712
549.694 831.752
575.320 831.742
600.911 831.777
626.491 831.766
652.100 831.783
677.731 831.815
703.322 831.823
728.940 831.869
754.514 831.826
780.104 831.860
805.709 831.872
831.311 831.880
856.937 831.892
882.506 831.916
908.118 831.928
933.753 831.960
959.309 831.942
984.931 831.972
1010.523 831.974
1036.111 831.996
1061.697 831.999
1087.310 832.035
1112.891 832.069
1138.521 832.035
1164.129 832.050
1189.696 832.090
1215.293 832.112
1240.895 832.117
1266.509 832.133
1292.100 832.128
1317.722 832.160
1343.309 832.145
1368.956 832.159
1394.506 832.213
1420.098 832.226
1445.697 832.233
1471.296 832.254
524.107 857.337
549.698 857.347
575.301 857.351
600.928 857.361
626.502 857.396
652.118 857.388
677.718 857.415
703.304 857.412
728.868 857.439
754.488 857.439
780.083 857.471
805.702 857.463
831.285 857.481
856.883 857.501
882.484 857.524
908.115 857.522
933.703 857.571
959.276 857.570
984.911 857.587
1010.502 857.590
1036.116 857.611
1061.680 857.628
1087.331 857.667
1112.874 857.666
1138.463 857.685
1164.079 857.677
1189.718 857.645
1215.233 857.705
1240.889 857.701
1266.472 857.739
1292.088 857.775
1317.696 857.766
1343.261 857.770
1368.869 857.775
1394.455 857.807
1420.098 832.226
1445.698 832.240
1471.296 832.254
549.663 882.952
575.272 882.962
600.886 883.018
626.479 883.014
652.056 883.008
677.648 883.034
703.275 883.038
728.872 883.052
754.495 883.057
780.118 883.094
805.661 883.080
831.271 883.117
856.891 883.124
882.484 883.149
908.097 883.150
933.676 883.172
959.254 883.203
984.921 883.177
1010.471 883.217
1036.058 883.230
1061.671 883.243
1087.277 883.254
1112.845 883.279
1138.477 883.304
1164.045 883.305
1189.701 883.332
1215.252 883.337
1240.844 883.342
1266.494 883.362
1292.058 883.371
1317.690 883.366
1343.268 883.372
1368.846 883.388
1394.472 883.381
1420.051 883.413
1445.663 883.418
549.655 908.574
575.260 908.596
600.825 908.602
626.433 908.601
652.032 908.622
677.656 908.640
703.278 908.646
728.862 908.666
754.469 908.705
780.052 908.686
805.616 908.679
831.243 908.728
856.850 908.751
882.444 908.752
908.060 908.778
933.664 908.789
959.247 908.778
984.860 908.743
1010.429 908.846
1036.033 908.808
1061.638 908.849
1087.266 908.858
1112.867 908.863
1138.456 908.925
1164.060 908.880
1189.640 908.923
1215.256 908.931
1240.800 908.959
1266.463 908.998
1292.027 908.998
1317.619 908.998
1343.244 908.987
1368.809 908.990
1394.416 909.023
1420.052 909.027
1445.624 909.042
575.251 934.200
600.865 934.184
626.422 934.235
652.056 934.231
677.666 934.273
703.256 934.257
728.830 934.286
754.414 934.296
780.031 934.305
805.615 934.313
831.190 934.351
856.844 934.353
882.402 934.381
908.037 934.380
933.644 934.374
959.225 934.454
984.769 934.454
1010.451 934.438
1036.025 934.436
1061.629 934.440
1087.211 934.477
1112.833 934.505
1138.449 934.489
1164.062 934.517
1189.599 934.552
1215.204 934.550
1240.810 934.535
1266.460 934.575
1292.014 934.585
1317.631 934.608
1343.251 934.610
1368.842 934.620
1394.414 934.637
1420.035 934.651
600.851 959.819
626.414 959.834
652.021 959.866
677.620 959.839
703.196 959.827
728.812 959.909
754.405 959.884
780.032 959.914
805.603 959.935
831.219 959.944
856.814 959.973
882.388 959.986
908.010 960.001
933.621 959.995
959.191 960.007
984.810 960.000
1010.411 960.052
1036.021 960.053
1061.609 960.076
1087.205 960.062
1112.825 960.093
1138.396 960.137
1164.015 960.129
1189.578 960.149
1215.214 960.152
1240.780 960.166
1266.403 960.170
1291.958 960.201
1317.588 960.171
1343.214 960.209
1368.798 960.198
1394.342 960.228
626.365 985.405
651.958 985.457
677.611 985.474
703.183 985.491
728.793 985.489
754.372 985.514
779.989 985.522
805.600 985.538
831.197 985.544
856.816 985.566
882.380 985.564
908.007 985.597
933.602 985.607
959.207 985.605
984.794 985.620
1010.394 985.657
1035.996 985.664
1061.565 985.706
1087.216 985.693
1112.763 985.728
1138.403 985.693
1163.986 985.727
1189.567 985.759
1215.120 985.726
1240.811 985.747
1266.431 960.176
1291.960 985.857
1317.589 985.847
1343.214 960.209
1368.808 960.196
651.978 1011.071
677.566 1011.082
703.159 1011.107
728.785 1011.097
754.395 1011.159
779.995 1011.146
805.582 1011.160
831.195 1011.174
856.713 1011.104
882.345 1011.185
907.975 1011.242
933.594 1011.239
959.176 1011.252
984.781 1011.258
1010.378 1011.285
1035.963 1011.290
1061.608 1011.325
1087.150 1011.333
1112.760 1011.321
1138.352 1011.346
1163.939 1011.330
1189.548 1011.351
1214.786 1011.288
1240.950 1011.479
1266.403 1011.401
1291.954 1011.407
1317.548 1011.407
1343.150 1011.421
677.564 1036.720
703.142 1036.728
728.754 1036.731
754.370 1036.764
779.964 1036.765
805.534 1036.772
831.179 1036.782
856.794 1036.786
882.362 1036.809
907.858 1036.928
933.550 1036.852
959.165 1036.849
984.731 1036.873
1010.350 1036.937
1035.846 1036.798
1061.609 1036.851
1087.158 1036.935
1112.712 1036.927
1138.361 1036.973
1163.944 1036.962
1189.535 1036.997
1215.142 1036.965
1240.731 1036.995
1266.354 1036.988
1291.923 1037.044
1317.527 1037.039
703.121 1062.317
728.749 1062.343
754.331 1062.392
779.938 1062.382
805.538 1062.395
831.140 1062.400
856.779 1062.386
882.311 1062.450
907.915 1062.460
933.529 1062.460
959.101 1062.471
984.749 1062.481
1010.115 1062.584
1035.938 1062.512
1061.525 1062.500
1087.116 1062.522
1112.735 1062.528
1138.316 1062.557
1163.901 1062.596
1189.518 1062.593
1215.096 1062.580
1240.704 1062.610
1266.320 1062.642
1291.890 1062.634
754.337 1087.957
779.894 1087.984
805.533 1088.007
831.105 1088.000
856.716 1088.035
882.313 1088.029
907.896 1088.028
933.472 1088.014
959.116 1088.025
984.711 1088.103
1010.335 1088.076
1035.897 1088.120
1061.507 1088.125
1087.100 1088.131
1112.707 1088.116
1138.270 1088.117
1163.857 1088.179
1189.500 1088.210
1215.103 1088.216
1240.684 1088.228
805.511 1113.631
831.083 1113.635
856.714 1113.632
882.290 1113.671
907.883 1113.661
933.485 1113.662
959.073 1113.689
984.671 1113.684
1010.297 1113.696
1035.887 1113.735
1061.400 1113.671
1087.086 1113.670
1112.712 1113.757
1138.280 1113.834
1163.884 1113.804
1189.477 1113.804
882.257 1139.233
907.887 1139.263
933.465 1139.263
959.064 1139.284
984.671 1139.297
1010.273 1139.286
1035.867 1139.314
1061.416 1139.387
1087.093 1139.397
1112.657 1139.358
