888.119 77.464
913.717 77.464
939.314 77.464
964.911 77.464
990.509 77.464
1016.106 77.464
1041.703 77.464
1067.300 77.464
1092.898 77.464
1118.495 77.464
811.328 103.061
836.925 103.061
862.522 103.061
888.119 103.061
913.717 103.061
939.314 103.061
964.911 103.061
990.509 103.061
1016.106 103.061
1041.703 103.061
1067.300 103.061
1092.898 103.061
1118.495 103.061
1144.092 103.061
1169.689 103.061
1195.287 103.061
760.133 128.659
785.730 128.659
811.328 128.659
836.925 128.659
862.522 128.659
888.119 128.659
913.717 128.659
939.314 128.659
964.911 128.659
990.509 128.659
1016.106 128.659
1041.703 128.659
1067.300 128.659
1092.898 128.659
1118.495 128.659
1144.092 128.659
1169.689 128.659
1195.287 128.659
1220.884 128.659
1246.481 128.659
708.939 154.256
734.536 154.256
760.133 154.256
785.730 154.256
811.328 154.256
836.925 154.256
862.522 154.256
888.119 154.256
913.717 154.256
939.314 154.256
964.911 154.256
990.509 154.256
1016.106 154.256
1041.703 154.256
1067.300 154.256
1092.898 154.256
1118.495 154.256
1144.092 154.256
1169.689 154.256
1195.287 154.256
1220.884 154.256
1246.481 154.256
1272.078 154.256
1297.676 154.256
683.341 179.853
708.939 179.853
734.536 179.853
760.133 179.853
785.730 179.853
811.328 179.853
836.925 179.853
862.522 179.853
888.119 179.853
913.717 179.853
939.314 179.853
964.911 179.853
990.509 179.853
1016.106 179.853
1041.703 179.853
1067.300 179.853
1092.898 179.853
1118.495 179.853
1144.092 179.853
1169.689 179.853
1195.287 179.853
1220.884 179.853
1246.481 179.853
1272.078 179.853
1297.676 179.853
1323.273 179.853
657.744 205.451
683.341 205.451
708.939 205.451
734.536 205.451
760.133 205.451
785.730 205.451
811.328 205.451
836.925 205.451
862.522 205.451
888.119 205.451
913.717 205.451
939.314 205.451
964.911 205.451
990.509 205.451
1016.106 205.451
1041.703 205.451
1067.300 205.451
1092.898 205.451
1118.495 205.451
1144.092 205.451
1169.689 205.451
1195.287 205.451
1220.884 205.451
1246.481 205.451
1272.078 205.451
1297.676 205.451
1323.273 205.451
1348.870 205.451
632.147 231.048
657.744 231.048
683.341 231.048
708.939 231.048
734.536 231.048
760.133 231.048
785.730 231.048
811.328 231.048
836.925 231.048
862.522 231.048
888.119 231.048
913.717 231.048
939.314 231.048
964.911 231.048
990.509 231.048
1016.106 231.048
1041.703 231.048
1067.300 231.048
1092.898 231.048
1118.495 231.048
1144.092 231.048
1169.689 231.048
1195.287 231.048
1220.884 231.048
1246.481 231.048
1272.078 231.048
1297.676 231.048
1323.273 231.048
1348.870 231.048
1374.468 231.048
606.549 256.645
632.147 256.645
657.744 256.645
683.341 256.645
708.939 256.645
734.536 256.645
760.133 256.645
785.730 256.645
811.328 256.645
836.925 256.645
862.522 256.645
888.119 256.645
913.717 256.645
939.314 256.645
964.911 256.645
990.509 256.645
1016.106 256.645
1041.703 256.645
1067.300 256.645
1092.898 256.645
1118.495 256.645
1144.092 256.645
1169.689 256.645
1195.287 256.645
1220.884 256.645
1246.481 256.645
1272.078 256.645
1297.676 256.645
1323.273 256.645
1348.870 256.645
1374.468 256.645
1400.065 256.645
580.952 282.242
606.549 282.242
632.147 282.242
657.744 282.242
683.341 282.242
708.939 282.242
734.536 282.242
760.133 282.242
785.730 282.242
811.328 282.242
836.925 282.242
862.522 282.242
888.119 282.242
913.717 282.242
939.314 282.242
964.911 282.242
990.509 282.242
1016.106 282.242
1041.703 282.242
1067.300 282.242
1092.898 282.242
1118.495 282.242
1144.092 282.242
1169.689 282.242
1195.287 282.242
1220.884 282.242
1246.481 282.242
1272.078 282.242
1297.676 282.242
1323.273 282.242
1348.870 282.242
1374.468 282.242
1400.065 282.242
1425.662 282.242
555.355 307.840
580.952 307.840
606.549 307.840
632.147 307.840
657.744 307.840
683.341 307.840
708.939 307.840
734.536 307.840
760.133 307.840
785.730 307.840
811.328 307.840
836.925 307.840
862.522 307.840
888.119 307.840
913.717 307.840
939.314 307.840
964.911 307.840
990.509 307.840
1016.106 307.840
1041.703 307.840
1067.300 307.840
1092.898 307.840
1118.495 307.840
1144.092 307.840
1169.689 307.840
1195.287 307.840
1220.884 307.840
1246.481 307.840
1272.078 307.840
1297.676 307.840
1323.273 307.840
1348.870 307.840
1374.468 307.840
1400.065 307.840
1425.662 307.840
1451.259 307.840
555.355 333.437
580.952 333.437
606.549 333.437
632.147 333.437
657.744 333.437
683.341 333.437
708.939 333.437
734.536 333.437
760.133 333.437
785.730 333.437
811.328 333.437
836.925 333.437
862.522 333.437
888.119 333.437
913.717 333.437
939.314 333.437
964.911 333.437
990.509 333.437
1016.106 333.437
1041.703 333.437
1067.300 333.437
1092.898 333.437
1118.495 333.437
1144.092 333.437
1169.689 333.437
1195.287 333.437
1220.884 333.437
1246.481 333.437
1272.078 333.437
1297.676 333.437
1323.273 333.437
1348.870 333.437
1374.468 333.437
1400.065 333.437
1425.662 333.437
1451.259 333.437
529.758 359.034
555.355 359.034
580.952 359.034
606.549 359.034
632.147 359.034
657.744 359.034
683.341 359.034
708.939 359.034
734.536 359.034
760.133 359.034
785.730 359.034
811.328 359.034
836.925 359.034
862.522 359.034
888.119 359.034
913.717 359.034
939.314 359.034
964.911 359.034
990.509 359.034
1016.106 359.034
1041.703 359.034
1067.300 359.034
1092.898 359.034
1118.495 359.034
1144.092 359.034
1169.689 359.034
1195.287 359.034
1220.884 359.034
1246.481 359.034
1272.078 359.034
1297.676 359.034
1323.273 359.034
1348.870 359.034
1374.468 359.034
1400.065 359.034
1425.662 359.034
1451.259 359.034
1476.857 359.034
529.758 384.631
555.355 384.631
580.952 384.631
606.549 384.631
632.147 384.631
657.744 384.631
683.341 384.631
708.939 384.631
734.536 384.631
760.133 384.631
785.730 384.631
811.328 384.631
836.925 384.631
862.522 384.631
888.119 384.631
913.717 384.631
939.314 384.631
964.911 384.631
990.509 384.631
1016.106 384.631
1041.703 384.631
1067.300 384.631
1092.898 384.631
1118.495 384.631
1144.092 384.631
1169.689 384.631
1195.287 384.631
1220.884 384.631
1246.481 384.631
1272.078 384.631
1297.676 384.631
1323.273 384.631
1348.870 384.631
1374.468 384.631
1400.065 384.631
1425.662 384.631
1451.259 384.631
1476.857 384.631
504.160 410.229
529.758 410.229
555.355 410.229
580.952 410.229
606.549 410.229
632.147 410.229
657.744 410.229
683.341 410.229
708.939 410.229
734.536 410.229
760.133 410.229
785.730 410.229
811.328 410.229
836.925 410.229
862.522 410.229
888.119 410.229
913.717 410.229
939.314 410.229
964.911 410.229
990.509 410.229
1016.106 410.229
1041.703 410.229
1067.300 410.229
1092.898 410.229
1118.495 410.229
1144.092 410.229
1169.689 410.229
1195.287 410.229
1220.884 410.229
1246.481 410.229
1272.078 410.229
1297.676 410.229
1323.273 410.229
1348.870 410.229
1374.468 410.229
1400.065 410.229
1425.662 410.229
1451.259 410.229
1476.857 410.229
1502.454 410.229
504.160 435.826
529.758 435.826
555.355 435.826
580.952 435.826
606.549 435.826
632.147 435.826
657.744 435.826
683.341 435.826
708.939 435.826
734.536 435.826
760.133 435.826
785.730 435.826
811.328 435.826
836.925 435.826
862.522 435.826
888.119 435.826
913.717 435.826
939.314 435.826
964.911 435.826
990.509 435.826
1016.106 435.826
1041.703 435.826
1067.300 435.826
1092.898 435.826
1118.495 435.826
1144.092 435.826
1169.689 435.826
1195.287 435.826
1220.884 435.826
1246.481 435.826
1272.078 435.826
1297.676 435.826
1323.273 435.826
1348.870 435.826
1374.468 435.826
1400.065 435.826
1425.662 435.826
1451.259 435.826
1476.857 435.826
1502.454 435.826
504.160 461.423
529.758 461.423
555.355 461.423
580.952 461.423
606.549 461.423
632.147 461.423
657.744 461.423
683.341 461.423
708.939 461.423
734.536 461.423
760.133 461.423
785.730 461.423
811.328 461.423
836.925 461.423
862.522 461.423
888.119 461.423
913.717 461.423
939.314 461.423
964.911 461.423
990.509 461.423
1016.106 461.423
1041.703 461.423
1067.300 461.423
1092.898 461.423
1118.495 461.423
1144.092 461.423
1169.689 461.423
1195.287 461.423
1220.884 461.423
1246.481 461.423
1272.078 461.423
1297.676 461.423
1323.273 461.423
1348.870 461.423
1374.468 461.423
1400.065 461.423
1425.662 461.423
1451.259 461.423
1476.857 461.423
1502.454 461.423
478.563 487.020
504.160 487.020
529.758 487.020
555.355 487.020
580.952 487.020
606.549 487.020
632.147 487.020
657.744 487.020
683.341 487.020
708.939 487.020
734.536 487.020
760.133 487.020
785.730 487.020
811.328 487.020
836.925 487.020
862.522 487.020
888.119 487.020
913.717 487.020
939.314 487.020
964.911 487.020
990.509 487.020
1016.106 487.020
1041.703 487.020
1067.300 487.020
1092.898 487.020
1118.495 487.020
1144.092 487.020
1169.689 487.020
1195.287 487.020
1220.884 487.020
1246.481 487.020
1272.078 487.020
1297.676 487.020
1323.273 487.020
1348.870 487.020
1374.468 487.020
1400.065 487.020
1425.662 487.020
1451.259 487.020
1476.857 487.020
1502.454 487.020
1528.051 487.020
478.563 512.618
504.160 512.618
529.758 512.618
555.355 512.618
580.952 512.618
606.549 512.618
632.147 512.618
657.744 512.618
683.341 512.618
708.939 512.618
734.536 512.618
760.133 512.618
785.730 512.618
811.328 512.618
836.925 512.618
862.522 512.618
888.119 512.618
913.717 512.618
939.314 512.618
964.911 512.618
990.509 512.618
1016.106 512.618
1041.703 512.618
1067.300 512.618
1092.898 512.618
1118.495 512.618
1144.092 512.618
1169.689 512.618
1195.287 512.618
1220.884 512.618
1246.481 512.618
1272.078 512.618
1297.676 512.618
1323.273 512.618
1348.870 512.618
1374.468 512.618
1400.065 512.618
1425.662 512.618
1451.259 512.618
1476.857 512.618
1502.454 512.618
1528.051 512.618
478.563 538.215
504.160 538.215
529.758 538.215
555.355 538.215
580.952 538.215
606.549 538.215
632.147 538.215
657.744 538.215
683.341 538.215
708.939 538.215
734.536 538.215
760.133 538.215
785.730 538.215
811.328 538.215
836.925 538.215
862.522 538.215
888.119 538.215
913.717 538.215
939.314 538.215
964.911 538.215
990.509 538.215
1016.106 538.215
1041.703 538.215
1067.300 538.215
1092.898 538.215
1118.495 538.215
1144.092 538.215
1169.689 538.215
1195.287 538.215
1220.884 538.215
1246.481 538.215
1272.078 538.215
1297.676 538.215
1323.273 538.215
1348.870 538.215
1374.468 538.215
1400.065 538.215
1425.662 538.215
1451.259 538.215
1476.857 538.215
1502.454 538.215
1528.051 538.215
478.563 563.812
504.160 563.812
529.758 563.812
555.355 563.812
580.952 563.812
606.549 563.812
632.147 563.812
657.744 563.812
683.341 563.812
708.939 563.812
734.536 563.812
760.133 563.812
785.730 563.812
811.328 563.812
836.925 563.812
862.522 563.812
888.119 563.812
913.717 563.812
939.314 563.812
964.911 563.812
990.509 563.812
1016.106 563.812
1041.703 563.812
1067.300 563.812
1092.898 563.812
1118.495 563.812
1144.092 563.812
1169.689 563.812
1195.287 563.812
1220.884 563.812
1246.481 563.812
1272.078 563.812
1297.676 563.812
1323.273 563.812
1348.870 563.812
1374.468 563.812
1400.065 563.812
1425.662 563.812
1451.259 563.812
1476.857 563.812
1502.454 563.812
1528.051 563.812
478.563 589.410
504.160 589.410
529.758 589.410
555.355 589.410
580.952 589.410
606.549 589.410
632.147 589.410
657.744 589.410
683.341 589.410
708.939 589.410
734.536 589.410
760.133 589.410
785.730 589.410
811.328 589.410
836.925 589.410
862.522 589.410
888.119 589.410
913.717 589.410
939.314 589.410
964.911 589.410
990.509 589.410
1016.106 589.410
1041.703 589.410
1067.300 589.410
1092.898 589.410
1118.495 589.410
1144.092 589.410
1169.689 589.410
1195.287 589.410
1220.884 589.410
1246.481 589.410
1272.078 589.410
1297.676 589.410
1323.273 589.410
1348.870 589.410
1374.468 589.410
1400.065 589.410
1425.662 589.410
1451.259 589.410
1476.857 589.410
1502.454 589.410
1528.051 589.410
478.563 615.007
504.160 615.007
529.758 615.007
555.355 615.007
580.952 615.007
606.549 615.007
632.147 615.007
657.744 615.007
683.341 615.007
708.939 615.007
734.536 615.007
760.133 615.007
785.730 615.007
811.328 615.007
836.925 615.007
862.522 615.007
888.119 615.007
913.717 615.007
939.314 615.007
964.911 615.007
990.509 615.007
1016.106 615.007
1041.703 615.007
1067.300 615.007
1092.898 615.007
1118.495 615.007
1144.092 615.007
1169.689 615.007
1195.287 615.007
1220.884 615.007
1246.481 615.007
1272.078 615.007
1297.676 615.007
1323.273 615.007
1348.870 615.007
1374.468 615.007
1400.065 615.007
1425.662 615.007
1451.259 615.007
1476.857 615.007
1502.454 615.007
1528.051 615.007
478.563 640.604
504.160 640.604
529.758 640.604
555.355 640.604
580.952 640.604
606.549 640.604
632.147 640.604
657.744 640.604
683.341 640.604
708.939 640.604
734.536 640.604
760.133 640.604
785.730 640.604
811.328 640.604
836.925 640.604
862.522 640.604
888.119 640.604
913.717 640.604
939.314 640.604
964.911 640.604
990.509 640.604
1016.106 640.604
1041.703 640.604
1067.300 640.604
1092.898 640.604
1118.495 640.604
1144.092 640.604
1169.689 640.604
1195.287 640.604
1220.884 640.604
1246.481 640.604
1272.078 640.604
1297.676 640.604
1323.273 640.604
1348.870 640.604
1374.468 640.604
1400.065 640.604
1425.662 640.604
1451.259 640.604
1476.857 640.604
1502.454 640.604
1528.051 640.604
478.563 666.201
504.160 666.201
529.758 666.201
555.355 666.201
580.952 666.201
606.549 666.201
632.147 666.201
657.744 666.201
683.341 666.201
708.939 666.201
734.536 666.201
760.133 666.201
785.730 666.201
811.328 666.201
836.925 666.201
862.522 666.201
888.119 666.201
913.717 666.201
939.314 666.201
964.911 666.201
990.509 666.201
1016.106 666.201
1041.703 666.201
1067.300 666.201
1092.898 666.201
1118.495 666.201
1144.092 666.201
1169.689 666.201
1195.287 666.201
1220.884 666.201
1246.481 666.201
1272.078 666.201
1297.676 666.201
1323.273 666.201
1348.870 666.201
1374.468 666.201
1400.065 666.201
1425.662 666.201
1451.259 666.201
1476.857 666.201
1502.454 666.201
1528.051 666.201
478.563 691.799
504.160 691.799
529.758 691.799
555.355 691.799
580.952 691.799
606.549 691.799
632.147 691.799
657.744 691.799
683.341 691.799
708.939 691.799
734.536 691.799
760.133 691.799
785.730 691.799
811.328 691.799
836.925 691.799
862.522 691.799
888.119 691.799
913.717 691.799
939.314 691.799
964.911 691.799
990.509 691.799
1016.106 691.799
1041.703 691.799
1067.300 691.799
1092.898 691.799
1118.495 691.799
1144.092 691.799
1169.689 691.799
1195.287 691.799
1220.884 691.799
1246.481 691.799
1272.078 691.799
1297.676 691.799
1323.273 691.799
1348.870 691.799
1374.468 691.799
1400.065 691.799
1425.662 691.799
1451.259 691.799
1476.857 691.799
1502.454 691.799
1528.051 691.799
478.563 717.396
504.160 717.396
529.758 717.396
555.355 717.396
580.952 717.396
606.549 717.396
632.147 717.396
657.744 717.396
683.341 717.396
708.939 717.396
734.536 717.396
760.133 717.396
785.730 717.396
811.328 717.396
836.925 717.396
862.522 717.396
888.119 717.396
913.717 717.396
939.314 717.396
964.911 717.396
990.509 717.396
1016.106 717.396
1041.703 717.396
1067.300 717.396
1092.898 717.396
1118.495 717.396
1144.092 717.396
1169.689 717.396
1195.287 717.396
1220.884 717.396
1246.481 717.396
1272.078 717.396
1297.676 717.396
1323.273 717.396
1348.870 717.396
1374.468 717.396
1400.065 717.396
1425.662 717.396
1451.259 717.396
1476.857 717.396
1502.454 717.396
1528.051 717.396
504.160 742.993
529.758 742.993
555.355 742.993
580.952 742.993
606.549 742.993
632.147 742.993
657.744 742.993
683.341 742.993
708.939 742.993
734.536 742.993
760.133 742.993
785.730 742.993
811.328 742.993
836.925 742.993
862.522 742.993
888.119 742.993
913.717 742.993
939.314 742.993
964.911 742.993
990.509 742.993
1016.106 742.993
1041.703 742.993
1067.300 742.993
1092.898 742.993
1118.495 742.993
1144.092 742.993
1169.689 742.993
1195.287 742.993
1220.884 742.993
1246.481 742.993
1272.078 742.993
1297.676 742.993
1323.273 742.993
1348.870 742.993
1374.468 742.993
1400.065 742.993
1425.662 742.993
1451.259 742.993
1476.857 742.993
1502.454 742.993
504.160 768.590
529.758 768.590
555.355 768.590
580.952 768.590
606.549 768.590
632.147 768.590
657.744 768.590
683.341 768.590
708.939 768.590
734.536 768.590
760.133 768.590
785.730 768.590
811.328 768.590
836.925 768.590
862.522 768.590
888.119 768.590
913.717 768.590
939.314 768.590
964.911 768.590
990.509 768.590
1016.106 768.590
1041.703 768.590
1067.300 768.590
1092.898 768.590
1118.495 768.590
1144.092 768.590
1169.689 768.590
1195.287 768.590
1220.884 768.590
1246.481 768.590
1272.078 768.590
1297.676 768.590
1323.273 768.590
1348.870 768.590
1374.468 768.590
1400.065 768.590
1425.662 768.590
1451.259 768.590
1476.857 768.590
1502.454 768.590
504.160 794.188
529.758 794.188
555.355 794.188
580.952 794.188
606.549 794.188
632.147 794.188
657.744 794.188
683.341 794.188
708.939 794.188
734.536 794.188
760.133 794.188
785.730 794.188
811.328 794.188
836.925 794.188
862.522 794.188
888.119 794.188
913.717 794.188
939.314 794.188
964.911 794.188
990.509 794.188
1016.106 794.188
1041.703 794.188
1067.300 794.188
1092.898 794.188
1118.495 794.188
1144.092 794.188
1169.689 794.188
1195.287 794.188
1220.884 794.188
1246.481 794.188
1272.078 794.188
1297.676 794.188
1323.273 794.188
1348.870 794.188
1374.468 794.188
1400.065 794.188
1425.662 794.188
1451.259 794.188
1476.857 794.188
1502.454 794.188
529.758 819.785
555.355 819.785
580.952 819.785
606.549 819.785
632.147 819.785
657.744 819.785
683.341 819.785
708.939 819.785
734.536 819.785
760.133 819.785
785.730 819.785
811.328 819.785
836.925 819.785
862.522 819.785
888.119 819.785
913.717 819.785
939.314 819.785
964.911 819.785
990.509 819.785
1016.106 819.785
1041.703 819.785
1067.300 819.785
1092.898 819.785
1118.495 819.785
1144.092 819.785
1169.689 819.785
1195.287 819.785
1220.884 819.785
1246.481 819.785
1272.078 819.785
1297.676 819.785
1323.273 819.785
1348.870 819.785
1374.468 819.785
1400.065 819.785
1425.662 819.785
1451.259 819.785
1476.857 819.785
529.758 845.382
555.355 845.382
580.952 845.382
606.549 845.382
632.147 845.382
657.744 845.382
683.341 845.382
708.939 845.382
734.536 845.382
760.133 845.382
785.730 845.382
811.328 845.382
836.925 845.382
862.522 845.382
888.119 845.382
913.717 845.382
939.314 845.382
964.911 845.382
990.509 845.382
1016.106 845.382
1041.703 845.382
1067.300 845.382
1092.898 845.382
1118.495 845.382
1144.092 845.382
1169.689 845.382
1195.287 845.382
1220.884 845.382
1246.481 845.382
1272.078 845.382
1297.676 845.382
1323.273 845.382
1348.870 845.382
1374.468 845.382
1400.065 845.382
1425.662 845.382
1451.259 845.382
1476.857 845.382
555.355 870.980
580.952 870.980
606.549 870.980
632.147 870.980
657.744 870.980
683.341 870.980
708.939 870.980
734.536 870.980
760.133 870.980
785.730 870.980
811.328 870.980
836.925 870.980
862.522 870.980
888.119 870.980
913.717 870.980
939.314 870.980
964.911 870.980
990.509 870.980
1016.106 870.980
1041.703 870.980
1067.300 870.980
1092.898 870.980
1118.495 870.980
1144.092 870.980
1169.689 870.980
1195.287 870.980
1220.884 870.980
1246.481 870.980
1272.078 870.980
1297.676 870.980
1323.273 870.980
1348.870 870.980
1374.468 870.980
1400.065 870.980
1425.662 870.980
1451.259 870.980
555.355 896.577
580.952 896.577
606.549 896.577
632.147 896.577
657.744 896.577
683.341 896.577
708.939 896.577
734.536 896.577
760.133 896.577
785.730 896.577
811.328 896.577
836.925 896.577
862.522 896.577
888.119 896.577
913.717 896.577
939.314 896.577
964.911 896.577
990.509 896.577
1016.106 896.577
1041.703 896.577
1067.300 896.577
1092.898 896.577
1118.495 896.577
1144.092 896.577
1169.689 896.577
1195.287 896.577
1220.884 896.577
1246.481 896.577
1272.078 896.577
1297.676 896.577
1323.273 896.577
1348.870 896.577
1374.468 896.577
1400.065 896.577
1425.662 896.577
1451.259 896.577
580.952 922.174
606.549 922.174
632.147 922.174
657.744 922.174
683.341 922.174
708.939 922.174
734.536 922.174
760.133 922.174
785.730 922.174
811.328 922.174
836.925 922.174
862.522 922.174
888.119 922.174
913.717 922.174
939.314 922.174
964.911 922.174
990.509 922.174
1016.106 922.174
1041.703 922.174
1067.300 922.174
1092.898 922.174
1118.495 922.174
1144.092 922.174
1169.689 922.174
1195.287 922.174
1220.884 922.174
1246.481 922.174
1272.078 922.174
1297.676 922.174
1323.273 922.174
1348.870 922.174
1374.468 922.174
1400.065 922.174
1425.662 922.174
606.549 947.771
632.147 947.771
657.744 947.771
683.341 947.771
708.939 947.771
734.536 947.771
760.133 947.771
785.730 947.771
811.328 947.771
836.925 947.771
862.522 947.771
888.119 947.771
913.717 947.771
939.314 947.771
964.911 947.771
990.509 947.771
1016.106 947.771
1041.703 947.771
1067.300 947.771
1092.898 947.771
1118.495 947.771
1144.092 947.771
1169.689 947.771
1195.287 947.771
1220.884 947.771
1246.481 947.771
1272.078 947.771
1297.676 947.771
1323.273 947.771
1348.870 947.771
1374.468 947.771
1400.065 947.771
632.147 973.369
657.744 973.369
683.341 973.369
708.939 973.369
734.536 973.369
760.133 973.369
785.730 973.369
811.328 973.369
836.925 973.369
862.522 973.369
888.119 973.369
913.717 973.369
939.314 973.369
964.911 973.369
990.509 973.369
1016.106 973.369
1041.703 973.369
1067.300 973.369
1092.898 973.369
1118.495 973.369
1144.092 973.369
1169.689 973.369
1195.287 973.369
1220.884 973.369
1246.481 973.369
1272.078 973.369
1297.676 973.369
1323.273 973.369
1348.870 973.369
1374.468 973.369
657.744 998.966
683.341 998.966
708.939 998.966
734.536 998.966
760.133 998.966
785.730 998.966
811.328 998.966
836.925 998.966
862.522 998.966
888.119 998.966
913.717 998.966
939.314 998.966
964.911 998.966
990.509 998.966
1016.106 998.966
1041.703 998.966
1067.300 998.966
1092.898 998.966
1118.495 998.966
1144.092 998.966
1169.689 998.966
1195.287 998.966
1220.884 998.966
1246.481 998.966
1272.078 998.966
1297.676 998.966
1323.273 998.966
1348.870 998.966
683.341 1024.563
708.939 1024.563
734.536 1024.563
760.133 1024.563
785.730 1024.563
811.328 1024.563
836.925 1024.563
862.522 1024.563
888.119 1024.563
913.717 1024.563
939.314 1024.563
964.911 1024.563
990.509 1024.563
1016.106 1024.563
1041.703 1024.563
1067.300 1024.563
1092.898 1024.563
1118.495 1024.563
1144.092 1024.563
1169.689 1024.563
1195.287 1024.563
1220.884 1024.563
1246.481 1024.563
1272.078 1024.563
1297.676 1024.563
1323.273 1024.563
708.939 1050.160
734.536 1050.160
760.133 1050.160
785.730 1050.160
811.328 1050.160
836.925 1050.160
862.522 1050.160
888.119 1050.160
913.717 1050.160
939.314 1050.160
964.911 1050.160
990.509 1050.160
1016.106 1050.160
1041.703 1050.160
1067.300 1050.160
1092.898 1050.160
1118.495 1050.160
1144.092 1050.160
1169.689 1050.160
1195.287 1050.160
1220.884 1050.160
1246.481 1050.160
1272.078 1050.160
1297.676 1050.160
760.133 1075.758
785.730 1075.758
811.328 1075.758
836.925 1075.758
862.522 1075.758
888.119 1075.758
913.717 1075.758
939.314 1075.758
964.911 1075.758
990.509 1075.758
1016.106 1075.758
1041.703 1075.758
1067.300 1075.758
1092.898 1075.758
1118.495 1075.758
1144.092 1075.758
1169.689 1075.758
1195.287 1075.758
1220.884 1075.758
1246.481 1075.758
811.328 1101.355
836.925 1101.355
862.522 1101.355
888.119 1101.355
913.717 1101.355
939.314 1101.355
964.911 1101.355
990.509 1101.355
1016.106 1101.355
1041.703 1101.355
1067.300 1101.355
1092.898 1101.355
1118.495 1101.355
1144.092 1101.355
1169.689 1101.355
1195.287 1101.355
888.119 1126.952
913.717 1126.952
939.314 1126.952
964.911 1126.952
990.509 1126.952
1016.106 1126.952
1041.703 1126.952
1067.300 1126.952
1092.898 1126.952
1118.495 1126.952
