0.000000000000000000e+00
-8.000000000000000167e-02
5.000000000000000278e-02
7.000000000000000666e-02
8.000000000000000167e-02
8.000000000000000167e-02
0.000000000000000000e+00
-5.000000000000000278e-02
0.000000000000000000e+00
0.000000000000000000e+00
8.000000000000000167e-02
8.000000000000000167e-02
8.000000000000000167e-02
0.000000000000000000e+00
0.000000000000000000e+00
0.000000000000000000e+00
0.000000000000000000e+00
0.000000000000000000e+00
0.000000000000000000e+00
0.000000000000000000e+00
0.000000000000000000e+00
0.000000000000000000e+00
0.000000000000000000e+00
0.000000000000000000e+00
-5.000000000000000278e-02
-5.000000000000000278e-02
0.000000000000000000e+00
0.000000000000000000e+00
0.000000000000000000e+00
0.000000000000000000e+00
0.000000000000000000e+00
-8.000000000000000167e-02
0.000000000000000000e+00
0.000000000000000000e+00
-8.000000000000000167e-02
-8.000000000000000167e-02
-8.000000000000000167e-02
0.000000000000000000e+00
0.000000000000000000e+00
0.000000000000000000e+00
0.000000000000000000e+00
0.000000000000000000e+00
-8.000000000000000167e-02
-8.000000000000000167e-02
-8.000000000000000167e-02
0.000000000000000000e+00
0.000000000000000000e+00
0.000000000000000000e+00
0.000000000000000000e+00
0.000000000000000000e+00
0.000000000000000000e+00
0.000000000000000000e+00
0.000000000000000000e+00
0.000000000000000000e+00
0.000000000000000000e+00
0.000000000000000000e+00
0.000000000000000000e+00
0.000000000000000000e+00
0.000000000000000000e+00
0.000000000000000000e+00
0.000000000000000000e+00
0.000000000000000000e+00
0.000000000000000000e+00
0.000000000000000000e+00
0.000000000000000000e+00
0.000000000000000000e+00
0.000000000000000000e+00
0.000000000000000000e+00
0.000000000000000000e+00
0.000000000000000000e+00
0.000000000000000000e+00
0.000000000000000000e+00
0.000000000000000000e+00
0.000000000000000000e+00
0.000000000000000000e+00
0.000000000000000000e+00
8.000000000000000167e-02
8.000000000000000167e-02
8.000000000000000167e-02
8.000000000000000167e-02
8.000000000000000167e-02
8.000000000000000167e-02
8.000000000000000167e-02
8.000000000000000167e-02
8.000000000000000167e-02
8.000000000000000167e-02
8.000000000000000167e-02
8.000000000000000167e-02
8.000000000000000167e-02
8.000000000000000167e-02
8.000000000000000167e-02
8.000000000000000167e-02
8.000000000000000167e-02
8.000000000000000167e-02
8.000000000000000167e-02
8.000000000000000167e-02
8.000000000000000167e-02
